24.692
*ER
24.691
24.691
24.691
24.691
24.691
24.691
24.691
24.690
24.690
24.690
24.689
24.690
24.690
24.691
24.690
24.691
24.691
24.691
24.690
24.690
24.690
24.690
24.690
24.690
24.689
24.689
24.689
24.689
24.689
24.689
24.689
24.689
24.688
24.687
24.688
24.688
24.687
24.687
24.687
24.687
24.688
24.688
24.688
24.689
24.689
24.689
24.689
24.688
24.688
24.688
24.688
24.688
24.689
24.688
24.689
24.688
24.687
24.688
24.687
24.687
24.687
24.687
24.687
24.688
24.688
24.688
24.687
24.687
24.687
24.687
24.687
24.686
24.687
24.687
24.686
24.687
24.687
24.686
24.686
24.686
24.685
24.686
24.687
24.687
24.687
24.686
24.686
24.686
24.685
24.686
24.686
24.686
24.686
24.686
24.686
24.686
24.686
24.687
24.687
24.687
24.687
24.687
24.687
24.687
24.686
24.686
24.687
24.687
24.686
24.686
24.687
24.687
24.686
24.686
24.686
24.686
24.687
24.687
24.687
24.686
24.685
24.686
24.686
24.687
24.687
24.687
24.686
24.686
24.686
24.686
24.686
24.687
24.687
24.686
24.686
24.685
24.685
24.685
24.684
24.685
24.685
24.685
24.685
24.685
24.684
24.685
24.685
24.685
24.685
24.685
24.685
24.685
24.685
24.684
24.685
24.685
24.685
24.685
24.685
24.685
24.685
24.684
24.684
24.684
24.684
24.685
24.684
24.684
24.684
24.684
24.683
24.683
24.683
24.683
24.684
24.683
24.683
24.683
24.683
24.684
24.683
24.684
24.684
24.684
24.683
24.683
24.682
24.682
24.683
24.683
24.683
24.683
24.683
24.682
24.682
24.682
24.683
24.683
24.683
24.682
24.682
24.682
24.683
24.683
24.683
24.682
24.683
24.682
24.682
24.682
24.682
24.682
24.683
24.682
24.682
24.682
24.683
24.682
24.682
24.683
24.682
24.683
24.683
24.683
24.683
24.683
24.683
24.682
24.682
24.682
24.681
24.681
24.682
24.682
24.682
24.682
24.682
24.682
24.682
24.681
24.681
24.680
24.680
24.681
24.679
24.680
24.680
24.681
24.681
24.681
24.681
24.680
24.679
24.679
24.680
24.679
24.679
24.680
24.680
24.680
24.680
24.680
24.680
24.680
24.681
